47334 14
80621 17
14582 23
68654 33
10632 47
70262 55
62551 64
57188 69
2298 72
12101 80
19779 82
48942 85
97523 87
5381 96
90034 104
26775 114
42004 118
13535 125
24580 138
53053 145
35779 159
92675 172
27401 184
70306 192
57237 207
79329 211
90300 213
33706 224
10876 239
65985 250
25063 260
35299 270
922 281
15853 294
37230 296
9705 307
99124 313
88865 327
91720 337
62099 344
4120 351
29972 352
89083 364
68874 366
6921 368
11867 369
78703 382
65404 395
31305 401
87096 404
65490 417
20074 429
3767 443
88531 447
68224 450
56403 451
5140 452
71707 466
54241 475
1592 488
7188 503
33873 510
7216 520
61610 529
43033 535
28514 540
48492 543
92103 547
9261 556
68923 561
36614 567
4794 573
51059 574
17913 577
49990 589
4582 601
35032 612
21842 621
68026 633
49907 646
13093 658
76641 673
35109 681
99321 683
77986 690
23880 696
54627 704
48770 714
90483 729
57572 737
79645 750
77190 765
82511 779
16003 787
98601 788
79072 789
37542 804
84672 817
58893 831
94949 835
40046 848
1804 863
38698 866
86407 872
31855 878
85103 892
82032 899
66379 901
84306 915
94902 926
66845 939
83363 949
89168 957
84311 959
25979 971
63976 984
86747 994
42706 1001
85761 1013
93600 1020
14535 1023
83253 1032
37643 1045
43957 1055
8705 1060
53262 1074
64045 1075
52257 1084
1354 1086
249 1090
11191 1103
86129 1105
12898 1113
1110 1127
65360 1131
79508 1132
12079 1133
74383 1148
17291 1162
47461 1175
30937 1177
97107 1192
3794 1195
68038 1198
14096 1201
12102 1206
79531 1215
96614 1226
90104 1239
6801 1247
14479 1262
46929 1266
70842 1281
217 1286
97297 1295
218 1305
87185 1309
73792 1323
60283 1330
14323 1337
49700 1340
91747 1350
25872 1351
7585 1353
52514 1361
89267 1363
40421 1377
98768 1390
53188 1398
1935 1409
80710 1416
74738 1421
47064 1434
30998 1444
71064 1449
87049 1450
46849 1454
10473 1459
30999 1466
8716 1478
34574 1487
23785 1500
15351 1504
58 1507
51496 1513
90893 1517
35684 1527
41002 1528
23479 1533
41710 1536
92801 1543
27686 1551
13141 1560
31169 1561
15989 1572
59936 1586
82420 1596
56899 1601
23958 1614
96202 1628
85912 1629
59801 1641
89592 1650
75317 1661
65663 1667
26265 1669
40979 1684
32416 1693
69567 1699
29994 1710
39160 1712
25424 1722
48891 1732
44335 1733
90297 1748
29497 1750
4636 1761
43786 1768
56635 1771
69361 1774
39867 1785
86148 1795
79125 1806
13960 1808
6097 1821
21072 1833
88764 1848
88618 1854
15873 1869
70578 1878
42984 1879
57124 1888
43101 1891
58787 1902
66984 1916
66191 1919
56896 1932
26810 1935
46746 1938
88671 1941
54447 1947
1246 1956
53085 1971
47510 1977
65218 1978
66391 1993
60301 2006
66860 2014
37353 2022
53992 2026
63905 2038
42050 2041
75198 2050
28953 2065
60428 2074
95042 2079
80960 2083
71148 2092
30484 2098
22050 2111
75856 2115
4827 2129
8991 2143
65498 2154
71994 2163
65895 2166
21390 2178
33523 2185
1512 2199
78996 2211
58436 2216
24110 2227
65263 2237
67478 2240
6486 2249
66652 2254
58906 2267
22703 2273
84256 2281
67953 2287
12782 2295
11470 2300
17625 2307
50799 2312
22465 2323
80558 2327
95874 2333
2882 2344
41899 2356
55505 2360
24112 2364
57950 2374
44103 2378
61560 2382
14035 2390
54110 2397
38983 2398
45038 2409
53991 2420
84604 2425
43428 2432
22754 2440
70461 2455
66561 2459
44885 2464
54112 2479
19914 2494
27014 2506
68954 2507
16532 2510
32130 2524
41545 2537
4699 2546
87691 2553
51456 2564
343 2575
81097 2579
12037 2589
54514 2591
64868 2606
26256 2610
17973 2615
37887 2624
13760 2629
34646 2632
96540 2639
34788 2644
40783 2651
95015 2653
74901 2659
53732 2670
51353 2671
24216 2677
18905 2679
32272 2693
19155 2700
8177 2705
85148 2719
77348 2726
70995 2733
83505 2740
76510 2747
49877 2755
41874 2758
73932 2759
3925 2767
16446 2780
32158 2794
6843 2805
27020 2808
5370 2818
93205 2832
98684 2840
14703 2842
5728 2856
89603 2861
85101 2862
56810 2870
81339 2883
24298 2893
59336 2897
60629 2900
98368 2910
37615 2921
35370 2925
37987 2930
19207 2934
45083 2936
87726 2939
73547 2941
57801 2945
84181 2946
91572 2955
84969 2956
58461 2957
86065 2965
31661 2966
65462 2978
95469 2980
20170 2994
18789 3009
48988 3017
80371 3027
67316 3030
20511 3034
72090 3042
11636 3045
90714 3047
29188 3059
88227 3073
6349 3083
3263 3085
81090 3099
93359 3114
32154 3129
65954 3134
56132 3139
1177 3154
43462 3165
97160 3177
68684 3189
65827 3199
67154 3213
49315 3227
24570 3230
59244 3243
88667 3249
86005 3259
13649 3262
38896 3272
15393 3285
60394 3297
60092 3298
63137 3300
34947 3302
15400 3313
75037 3319
61527 3325
52572 3337
25882 3343
60620 3355
22084 3356
29221 3360
66732 3368
98591 3381
34927 3395
13488 3406
45117 3409
14996 3419
93147 3431
25034 3438
32004 3439
51120 3454
95381 3460
38381 3473
30751 3483
42212 3487
51923 3497
78593 3510
87827 3519
64137 3524
81376 3538
96805 3546
74682 3557
93362 3571
85294 3576
5515 3590
50385 3592
38203 3601
41572 3609
4336 3617
84344 3628
44479 3643
49860 3658
16800 3669
85333 3675
19346 3681
11752 3685
43413 3692
38157 3696
54631 3704
25434 3714
51384 3726
91336 3736
11207 3740
91005 3741
28 3755
97609 3769
92557 3777
43105 3784
55191 3785
25 3789
94136 3797
51715 3809
31660 3813
76780 3822
99683 3833
9532 3837
55389 3840
38809 3850
55430 3853
19916 3864
84560 3879
28638 3886
29891 3896
95644 3905
51568 3909
34791 3923
79043 3933
10852 3943
61149 3947
2815 3956
35350 3959
11357 3962
21770 3975
65219 3985
36387 3992
85482 4004
2745 4010
82346 4012
